8706
47212
14854
10834
143241
83991
12893
104198
175133
151256
271094
89191
332001
293899
42195
161371
295212
97416
9852
251840
6402
37308
81278
16872
300957
60445
263785
149767
93445
37929
222320
161951
154036
294434
136188
307025
128542
5179
2657
89401
110159
88734
106929
18427
19471
173098
33888
7431
161339
125310
78648
25849
7738
35116
55757
66745
13875
200740
118841
1383
29955
134350
51966
8170
291857
35301
146753
324798
128006
37175
87074
327778
174824
225184
242908
4960
91639
19586
40424
255284
12033
149260
32686
311305
17036
71708
157208
62901
119333
80237
23251
92583
52682
24421
9202
15252
13961
29322
6221
9267
170269
2752
17694
283352
311531
31169
198445
197973
36535
129918
62741
13500
10365
43656
71858
132281
211068
113189
241947
98749
89032
5486
55875
99346
14808
4330
32925
9349
54472
91291
1681
238707
2296
40327
104235
144967
136743
252416
214707
32892
260715
35105
32448
165141
11874
1813
269274
46982
52795
306752
6457
271714
211899
26119
49838
33790
76516
208524
185865
89255
33986
58780
189934
24088
35861
25612
3697
4351
120380
251685
38325
66013
40423
167735
292377
128934
8316
41986
84731
41542
34398
44564
2327
26149
13021
11364
120293
11187
219616
11940
88578
3171
49141
24458
99363
281264
78953
145213
5024
86679
31007
27866
12496
28424
41085
39300
114794
10416
54873
8452
94998
106575
27804
18261
95539
221642
48260
126402
175
8805
270551
4459
31502
20659
3819
21932
30160
36966
186942
4676
2406
23860
4336
9479
78820
98612
136704
104377
16771
181655
50029
81286
175281
44277
16273
151653
43446
69298
34014
67311
153797
31199
19384
10149
75543
30643
99859
111597
18550
47756
6664
203972
254794
166254
90889
9589
232521
10087
3755
7806
4670
171713
14409
44354
12328
113256
123768
8874
60758
33533
15369
32436
24002
20335
31684
58443
17722
7038
1804
2626
99687
27600
75099
7641
35291
23981
31366
23377
230369
39302
50929
83054
17425
187812
6861
30465
16809
13624
293020
60449
84497
103061
101043
46852
837
735
37879
30780
49453
354210
3360
10935
43243
5828
161985
17494
785
102240
2706
23016
43570
98269
18069
94628
65755
48537
37072
35053
96000
30000
25221
112559
38964
32233
3404
250539
29076
51570
136796
22201
1108
10103
40590
124794
167734
20237
55139
3907
60953
1147
39042
86660
63497
18659
1013
271466
31198
30894
2911
53463
13444
99561
108835
25446
6122
32497
82846
81527
11850
196514
193698
200203
18853
271063
35590
41596
18926
168567
67077
49923
14905
254588
52535
7705
1454
8057
321630
2294
16349
127234
59480
174058
16532
119591
223532
1020
151784
182225
9237
204829
106122
1236
207550
3650
4759
149546
3239
33490
542
34281
4850
2554
47845
8073
164670
13519
33636
50424
59999
148949
4422
168543
12435
32978
5044
963
31024
4966
60125
168369
10208
82479
11358
3377
98232
12941
1427
4752
27617
73116
60866
5602
112465
6398
27540
164559
40451
32803
31666
5678
15466
198744
9457
50049
53077
13371
63117
4280
12557
12497
4368
132797
77046
209046
7433
37684
238626
66698
63183
135987
8934
292892
202340
51698
79106
8451
26304
99672
33518
11206
34336
40989
23061
1725
114204
6112
36853
33355
73
34573
29181
168863
11146
13198
12745
63247
8093
24081
7654
93427
11727
44460
8502
34078
6883
1539
8718
76
56193
252834
4219
23404
227
42631
3329
12562
52158
23837
36934
47112
6947
72267
8802
8952
291591
10442
844
36473
55614
1320
98400
61473
3011
104782
124606
18218
26527
27208
8140
122
9987
1373
189
214847
20579
24208
236188
21
19554
34302
14392
5547
138794
33850
15246
183908
15574
38218
6847
2616
77020
83925
70116
98803
11463
14949
8402
1327
1384
3278
79611
4819
73274
27103
220154
6891
40190
1896
87339
7890
9185
28029
4910
11554
5021
93183
39996
123194
14294
8646
67
500
11859
36929
18278
274678
35639
54700
2852
2044
30904
139279
26621
40805
1654
3836
4603
3439
306426
100281
2355
8655
160257
22111
24482
20246
2210
9433
83178
26120
65615
132550
20193
47730
20884
2193
8187
165795
25414
20093
17195
1145
17887
1073
23819
73337
34985
170556
6951
133110
18965
134583
143358
5493
35974
13148
75766
5213
189221
900
6758
550
15128
160511
3712
80034
6677
21234
258225
23563
25466
9174
14245
28455
46212
123656
217210
10502
29331
213166
8668
16535
37340
8151
17701
4906
125615
66983
279755
31719
17203
217956
110531
5682
16467
3635
54568
220
154513
56736
14579
90399
21497
172984
13125
11829
53236
109489
53655
38396
15180
83031
168
16322
1571
1161
48510
23653
1968
72814
27178
134
7866
99
5109
5050
3265
134647
12230
149
38178
9192
12402
220245
187392
236092
6825
22532
340885
13719
8500
23724
3790
96340
8029
20580
28538
8985
4335
13730
5905
882
10397
4099
5167
292095
74584
21049
24049
82539
4722
10445
52672
184490
162
1577
13419
1245
43241
2326
96532
37552
6639
3869
119087
51531
12063
28556
20757
5402
3684
26009
12750
6720
1707
92517
191296
3044
44541
37548
19237
353068
134326
61231
5668
14529
19075
3966
73328
11905
60569
72438
50284
39757
4041
8360
71542
38438
42031
20255
9428
12586
24932
24392
218552
11200
47507
22069
247363
3963
16764
13825
174505
4949
4572
169135
44566
21269
7757
6328
3545
10158
19561
73591
29899
27796
23632
121368
27820
1111
8575
54244
2722
91491
7048
189369
46605
93290
81884
37459
66783
6795
13550
46623
10785
35802
23226
119891
26921
1860
8656
128395
7824
102438
36570
34364
6287
13565
103810
15177
22010
36055
8820
8432
11827
27085
6801
54247
44470
3073
135969
52024
95012
38148
366
14820
2297
151189
35841
8812
39194
587
1865
14641
666
17309
4982
27079
6177
45343
119759
121951
44124
52512
18139
304215
4484
9771
42450
101974
188153
6384
29399
7427
42004
19115
7747
70298
36979
108641
4285
275536
3915
3490
171499
112693
5810
12691
5983
7935
4316
602
80283
14621
349267
55
40724
35490
32135
27757
45889
9529
5594
76809
19888
112
81981
9029
21271
29
27791
147
782
60900
13504
12629
52889
7146
103314
10190
3939
17612
10080
216452
7968
14
854
32325
78319
43527
138471
235135
1973
42752
5184
6314
356
41163
7649
74
2620
1080
7744
27476
1625
657
137068
21030
34200
12129
7860
19799
31673
2274
49209
13593
134294
70135
81568
19314
34608
15502
145776
5635
205439
6669
1177
87944
47288
3527
838
78905
16175
3414
979
102569
27671
24
7454
63
17261
52871
132397
241017
13899
2509
1929
63022
247286
11833
257
1298
7080
5433
34614
154417
2471
30005
9742
91041
3119
4623
37122
26633
17315
32347
15162
42
572
108980
193669
29972
219965
3124
7380
79793
20036
14237
90992
3764
221
38663
30396
15389
5621
38250
91953
464
267232
16247
44081
2305
32008
9015
27253
1069
37
73508
50987
72188
9094
18691
8709
319783
23622
5064
2365
14372
42841
34327
17275
2983
18
10422
1114
45814
7217
211449
5185
5555
6870
39690
119554
8888
36006
15464
89
607
27161
8434
36589
20202
33157
126524
15165
8924
34
1767
2431
786
128719
8669
17853
3733
987
11
3262
841
1256
276190
17429
712
71537
56691
1996
219913
7921
9046
90149
5149
980
12617
30026
2276
61659
9302
121035
28718
13078
206652
7083
60084
52101
131546
164151
88986
1852
8120
483
886
55314
26034
17426
38402
190
22760
92
120
114930
3309
145847
13612
28969
3792
6390
8035
10097
9007
517
6695
213
42132
13258
13162
21172
9673
12436
53697
4091
12902
13815
90252
6420
149904
19417
2314
2344
8083
64132
47555
389
1921
1130
11732
53141
3762
10869
23901
30278
199871
12917
1683
116777
39178
5039
116461
55400
6279
209331
6415
4127
6294
285
28374
20756
11246
22493
142319
5095
12248
17
348
12061
2063
34148
44705
26494
39877
7748
16747
78254
1554
3852
38200
31267
2359
6591
1928
611
20065
2654
20673
1254
1033
56670
35809
41381
34069
3223
29020
4327
81495
2366
209665
6909
2107
4365
2439
97122
118878
13181
2234
68823
31260
5834
25936
16929
61852
6
2550
287
6509
172
63202
6586
115084
20011
11982
3249
906
6644
855
41811
177980
5099
1093
6617
7422
4767
51654
131624
60357
6605
6505
14221
9113
