1766831
9851762
417747
535539
4040817
1211215
7253435
835883
562459
2770572
5245033
3455033
2414073
2281790
620064
4110312
333739
373177
1321976
5050203
106671
283975
436560
149064
841330
313768
178408
6351322
4743869
42962
552347
10296119
1019167
303986
2180930
1973271
3893496
2044302
1094399
149818
753645
2258989
13279
302939
1504868
352131
131887
300248
28641
1518159
2341847
1719509
506522
30946
5743988
484962
1846993
10639
113535
1958461
1560833
174614
422870
759558
631599
253984
298479
559144
7036419
774499
750378
641955
6261163
1863229
3311799
171318
2543
1108902
1386886
146077
247221
181772
207791
10973
9476
1936622
209259
586240
182690
9172232
567435
109586
1254795
44330
12503
1654265
1239433
3215527
2101267
1749223
649524
131688
245552
796336
223429
6077549
54426
280693
5745359
85931
905488
45685
109347
1189883
644969
11898
825789
1860652
3309790
183203
1388192
61639
231716
1440565
534124
336174
2216380
10593
1993366
185881
544983
1022330
1245254
1627406
1235867
370584
87956
2413303
2043248
10583
1036390
1442874
328829
1061499
1445986
1147772
671858
602323
650405
775523
130964
205483
14357
2894309
294972
118500
1617954
145645
383007
5766794
1974224
318174
304319
1100135
336423
1000930
535724
129195
80911
4918
2266600
1717300
31615
1426469
291638
991484
659190
1097847
1969096
1576589
499449
106979
56954
670396
2445184
2031799
31288
7668027
53881
8005367
561731
239101
598289
1241193
142827
871050
4638482
148004
2039695
16406
373521
3666197
2308683
4823741
15472
854556
57191
896588
20553
996017
871026
312958
1144035
55102
572670
1312382
23771
4610195
15622
514235
5296462
2112692
3731501
1277259
28832
102315
839436
3887614
78162
412080
253257
2035262
1851024
9223839
981744
1116391
416467
54501
355389
1885835
91303
1443084
2894974
41956
52273
3347375
2991525
34796
1809463
1574
696627
719263
216011
4117728
3227403
1310846
869656
812787
2991594
284758
45967
19937
917534
1977104
15861
479760
6755083
660536
8373597
340457
3617318
161483
76439
85381
148607
1513020
373706
1886855
62076
1024224
2083523
212870
347348
229672
1606075
1870555
272388
2052655
553308
3612353
2717313
348975
13663
375232
831878
201359
5274
559951
3234422
1408085
389966
474189
628781
306602
477420
4385895
250833
27805
19479
110088
128940
243943
466192
224346
20178
177883
2660
38055
1001985
3049628
1176973
27535
5287
462728
4342498
75889
133520
476260
985949
301883
1631379
168703
1041132
608820
590790
3827
207421
453005
268856
4323
83039
762073
29995
3290339
127947
574479
45108
537913
518955
1395941
128397
791154
422597
463206
5233410
113632
817643
60096
1463922
1271826
3018377
613130
881798
85597
166749
2124293
32136
112000
1032890
2642204
569662
24545
395659
41360
235715
968969
680578
1298400
237838
120163
2116798
306739
291999
390819
263004
1642467
403671
519334
49246
30225
217332
298029
5739035
90328
15754
463623
668272
3540865
261950
175308
146124
580053
869736
1644
1085186
4853
12748
309412
53974
138837
108205
305038
187291
2290059
758280
78182
1784882
7426
995876
978917
51170
2279448
137065
362648
762913
1240933
318749
103206
25646
89761
3699139
2353911
343266
5924721
88383
320700
4790924
182668
7252182
383861
6436230
109702
871910
4227
4834
1175
357693
1554154
18804
170443
41747
2790482
930847
13154
1517410
15541
135078
1081897
90511
5917104
95245
121687
1237
14663
89391
992484
320726
47642
391315
442284
1734279
2300597
1079354
266198
4370629
58220
1189885
616460
2975782
1783619
23368
1090406
16287
368134
61624
685834
223478
1479335
4216641
98117
2014619
905762
32203
345031
205426
1919155
31136
294949
118068
8969
5363
13913
1704458
2530848
205185
9611
28817
4092
36305
722762
23574
566608
11614
347137
65696
4108590
41071
581205
2281493
808486
51591
3182664
1348195
445105
968632
1875384
31317
105672
11595728
80274
791998
1517578
1578732
1359668
1193136
171461
107090
668951
80633
6247159
1471
15416
849387
135549
2524814
474283
3422652
15055
50109
177018
500104
680786
63293
1245462
35501
404357
65868
2073257
97385
153285
385844
2676
230717
504133
355230
344211
106261
1850609
196211
3764965
167735
7451787
1023390
17279
995891
6722
1093528
209629
839646
486455
48082
240443
6400526
163551
37710
782719
26414
94777
48553
168225
626692
20047
1060
2020827
39992
4987285
310574
82047
58173
693752
9034
1748769
60108
1631193
1183123
764882
388299
41348
314166
812149
1768232
794242
56778
1388943
75642
326834
1392277
245265
17715
661933
1723204
153621
116614
870604
787480
949300
1479414
353790
752976
395718
39319
1643676
99027
154152
83109
261050
628943
398546
738746
12030
5761558
576119
454587
13376
159145
5515060
3937
173677
68015
693272
2144669
27615
97572
202694
87399
20481
3943312
446278
101258
3887530
162634
92587
721079
885981
21925
15721
103988
1494736
3545273
5416
414076
1711796
132903
1594933
65387
714969
991778
4142130
131824
15498
201722
3411681
267482
263525
58956
643085
902734
456
651188
559095
215741
111466
2025676
19540
555553
602372
270591
584518
2169853
2396539
32133
454533
21196
178157
201125
4069913
4523822
37020
5260024
350890
24582
234901
1002323
725383
14606
552792
58088
993040
3230038
68587
95573
2060725
136540
280222
857807
2658202
870248
1003142
28875
104950
5766732
276052
847363
1620671
4754790
828913
181776
240733
829571
3525
324584
10237950
33518
560648
227299
5409
111335
212858
2513573
2575224
26095
7532
2207
495719
2448829
1515209
43681
97992
285873
697630
6819
1057429
85371
10431
4009517
25300
166611
32090
254449
12166
218978
367273
206394
221955
135978
53788
302677
230513
4574
11225
3141792
82062
27423
3244
337
511529
33732
81053
104774
146325
155666
276783
86452
476681
107694
330057
216021
23072
6369
171577
69083
259769
249933
1702
1187415
772035
1831987
189950
129570
2071828
178761
522444
156695
2422776
587884
1707091
318758
2069064
18180
2668869
193906
5133585
80369
41655
1338292
83153
112877
23903
2684539
501250
7122
65464
279516
7607923
3379653
1413395
13792
947357
3807729
2214693
1503220
783681
82586
28882
42769
5987
9403
1870803
402253
40342
984823
7595
72478
86473
2015579
219661
6146
266795
52551
45943
908494
5023
77507
201935
7396506
289060
17613
1208233
168212
915940
86638
19299
240078
5252960
8899
251738
25216
224671
1226963
129404
7028
19799
445517
1070247
4685
186997
506855
12719
1988185
162167
469935
1065197
360211
28804
98607
1076640
10174
55847
31671
486688
6330
993547
889053
218196
24054
23501
104349
373025
1491895
2319407
362218
192444
200166
228171
706456
596781
167958
18255
37064
13627
570767
356440
266143
223806
251173
7347425
315052
103154
13018
67520
112407
2199
485337
31486
300311
31641
14860
304849
26396
554988
819272
1965
285465
124839
649665
39094
910452
924727
127059
324157
7714
355239
151084
428972
1785344
1256041
1831293
2364629
3042204
1756636
71200
115145
863502
44065
55408
13552
19563
664108
437768
2403253
62130
58668
113141
16881
303810
951890
2801237
3723423
1115554
661519
4254517
60724
352552
7643
54981
14637
389828
234780
17034
47550
27760
103043
245183
699224
172588
191596
2974
1803853
575527
3877717
20402
54684
220984
1968182
283930
11359016
1142881
12752
41316
179850
131140
280244
148870
1103872
16883
341970
4514796
4482
492901
16076
427648
82187
179910
1719067
34437
120955
490961
3087
1695
323736
328193
16426
1932150
7890
32632
37815
76217
15527
540312
34211
90848
41661
2599907
2398523
17174
1153988
2424
1017868
235825
363751
6345
120278
340088
97337
367456
997973
298661
49241
146347
151292
554397
34397
260990
3788176
972285
3320
2695
1171180
224087
246895
290962
204847
121747
51292
3043
436376
571563
160206
478399
1053
12541
141346
11830
249460
104767
314291
66372
2837741
643383
358562
1659
16853
3739901
893
491075
5645
472792
411632
17360
38206
4590
256793
15401
4725
11392116
88558
158668
3895960
11702
659804
65070
439667
105224
2198705
2398375
48684
111554
1219618
33796
13855
54734
55774
634576
18573
1528401
61700
11296
773113
485076
43582
410767
60761
181087
3820
192801
217862
5483526
319403
1179377
263693
1501794
91757
2155396
142637
98713
4955425
483567
283676
33708
34088
5190
128645
139459
1942
14343
82560
217324
24181
419970
40516
1288
97614
450128
443366
75525
234
27439
15906
438992
48692
5542
605744
55637
9951
147192
470005
89266
1143
232593
270371
1475228
533120
31158
572
4435
575659
82511
305644
23283
66692
1583
110353
535871
1371329
29407
247533
1168342
60682
974186
3713
139985
4249
2988
3295
1697099
18061
220834
12960
413501
69809
50079
1531124
1798341
393877
108105
89556
12950
28053
264697
126014
372
59301
38360
571407
335858
4999394
5445
1460495
129175
45914
6276
75170
727208
14065
208809
22656
157882
