3525
78182
443515
2668869
54734
1053
156142
462728
215741
3141792
218589
146077
55408
783743
3666197
2112692
574426
4092
915940
434551
2341847
355239
2513573
2854908
19403
750378
224370
1147385
111466
1208233
1094399
129195
637853
7451787
1158895
1445986
45249
816620
304832
161483
43681
590278
945456
240078
971808
146347
280693
336648
225074
160718
2541560
2031799
567435
4482
57423
108105
20402
506855
312958
120955
454533
85381
506522
2991525
1846993
1768232
3937
15527
346741
314291
164835
67566
291638
12503
802050
945214
2448829
39742
581994
87206
7252182
109702
1980616
985949
1734279
910452
2626313
16406
54426
4609025
41956
651188
143804
1838048
714968
8155
2044302
2015579
854556
5252960
162634
37064
62076
109112
185881
54501
2770572
174614
1880799
598289
1312382
181772
586240
1766831
15472
4117728
1310846
149818
1018659
2886891
762913
6216
34796
1168342
141346
25646
995891
1863229
1250033
871050
1084242
18180
5743988
2402272
4254517
309412
47529
2169853
69083
15055
8373597
2281493
1440565
581205
172211
2216380
2517719
385897
584518
313137
8339141
4069913
134559
323736
183203
1504868
1183123
53501
206674
3049628
1298400
2424
313768
554988
453271
2327745
4638482
109347
1518159
28832
3824267
473070
135952
355389
60108
16035
365282
9951
207791
153621
535539
4135670
166611
2020827
5779732
2488210
403671
330057
13376
178408
6782
501557
390695
680578
1408085
7890
205185
626692
671858
42962
80274
4692129
2956778
106979
871910
2789
659190
56145
229091
58088
14637
654031
87956
14357
1624450
752976
670396
5745359
555553
436560
65387
641170
3234422
1240933
2144669
300257
1245254
918608
982161
205483
149064
360211
728971
3092298
82511
693752
340457
29805
641955
764882
2279448
1774667
146124
197462
3943312
1143433
38207
2314073
61624
808486
2258989
266978
2083523
7668027
145334
8969
1624376
176134
1211215
2850548
896588
4989498
355230
1973271
2060725
1116391
6722
3887530
5834
2684539
607637
620064
200166
885981
493707
1870555
52273
1898563
608820
212795
61337
251738
9457
1105881
373706
1969096
31288
38031
650405
3540865
131140
634576
495719
576119
2658202
439667
4227
2894309
302939
551263
4918
1142881
173677
352131
2580516
294949
351984
1126841
5245033
1375753
1831987
31317
1241193
215966
649524
782480
4834
5624384
135549
1631379
1598163
114584
562459
38368
993547
215030
2149440
363751
607033
30316
3290339
155666
15498
133840
949300
863502
45967
518955
30946
824987
37020
1326913
768795
113632
2281790
24582
6914441
668951
1633251
3379653
212870
237808
967492
17613
504133
534124
23574
2198705
1235867
4370629
310574
9053225
643085
4833
218978
66692
10897
417747
11595728
668272
17034
78162
477420
245552
1448212
968969
170383
267482
1560833
5321
871026
64967
4754790
2801237
1129757
83153
1002323
1617954
13744
580053
41316
2413303
2991594
1936622
2396539
1426469
1578732
7036419
67392
1100135
782719
486455
644969
2351099
316343
370584
3895960
196211
235715
186997
2444725
20178
270371
294863
775523
3538012
917534
2616073
509614
79996
1573161
1809463
82449
413501
39094
1000930
519334
277683
563088
343266
1642467
540312
3612353
31615
16076
239101
28543
779513
1084416
318174
12712
1442874
28817
48684
6400526
1291492
775806
53974
1876620
69572
880011
157701
73772
536086
1240763
1958461
6436230
812787
131930
476681
4574
207421
315228
3893496
97992
474189
598696
1395941
243943
630387
889053
257182
616460
1036390
9851762
11908
2543
102937
39319
40015
155693
484962
3699139
11614
6755083
1120035
35306
38055
4116263
474283
229672
55774
106261
5050203
23771
1594933
80911
166686
902383
559095
834815
344211
5260024
14359
9223839
1784882
690553
56954
148004
2398523
981744
141985
127440
466192
559144
145645
197532
4110312
1769720
14663
421765
449906
1490322
393877
485076
1711796
1312406
306739
182971
2199
573032
9476
2403253
102315
1388943
1715673
10431
62195
31624
15401
150058
537913
5274
245183
131688
266198
91403
463206
76439
796336
294972
775345
1654265
47550
268856
3042204
57159
358562
216074
152828
230717
512922
1785344
300248
1911306
523949
169346
522374
305038
3422652
30225
2039695
119280
5416
3146
362350
171318
478399
5739035
982198
1210053
373521
1886855
320726
280244
1061499
18573
4323
3877717
2035262
2607240
3018377
580412
284758
1130113
1388192
4610195
347348
1885835
253984
731115
4435
35245
113535
587884
458548
880990
1168577
721236
2837741
1977104
318758
81053
187141
77507
263251
301607
660536
19803
216011
1371329
10639
1070247
855959
1485064
4040817
128940
1440057
3411681
1239433
2790482
14955
114066
721079
442284
5924721
82560
2414073
2528063
5221149
159145
561731
188138
1517578
299924
479760
1631193
112000
1745001
260610
847853
9204
1079354
841108
9401
1023390
8745
10852695
1019167
1988185
103682
924727
91303
336423
97614
15541
974186
72631
3296621
1919155
285587
2660
1278725
100516
49246
1932588
153285
781707
111335
453005
416467
411632
2524814
124372
6367
1081897
1749223
5766794
5715934
124839
27805
1494736
185541
1173755
2266600
1719067
4523822
49879
25358
773113
456
1225328
772035
19563
11702
88383
14148
63756
2372835
11898
15124
53897
23691
1583
522444
340088
158779
127479
103206
66372
4590
427648
1362136
12597
178042
133520
13627
484041
13
6309
4203
3360241
46675
80633
1193136
4068
214010
107090
4790924
90328
31486
218196
58956
27358
1870803
1782465
29639
65464
127059
1574
342852
3705127
251173
1679863
57695
1329652
141172
1659
89391
58082
6744
1491895
812139
132903
18804
49942
52598
280222
377953
697630
5632316
6146
575527
1426891
356440
237838
26396
322283
50079
40342
35092
13154
5023
97558
206394
1021725
263525
179910
362218
572644
176180
553209
27439
2422776
445105
810077
13005
139010
89556
1695
1850609
41655
13855
84651
869656
329769
1531124
12950
3087
1065197
44330
404121
326480
1221571
64348
220984
48692
45943
84206
569662
161457
2194
98607
28053
847363
12166
1501794
350931
1602555
65845
44389
42769
40347
575659
1463922
245265
1707091
454587
202009
1143
263004
11225
7894
13433
1386886
201359
1419315
367456
62130
1196
339637
6345
63293
26414
86452
3230038
128645
50776
27535
4342498
121993
3474
55102
3820
44743
60761
16587
758280
1515209
61164
33518
157672
292233
98117
4955425
1479414
151084
240443
23903
649665
11392116
184883
17255
535871
13018
445517
14606
20654
574479
331052
60724
113141
1187415
59301
56524
661519
664108
1717300
448580
2445184
51382
181776
212858
391315
870248
136540
13792
3244
642579
930847
788883
1288
121747
119549
20047
276994
48082
167958
452274
220986
37494
228171
80112
947357
358099
37815
13663
314166
103154
82187
209605
54684
21640
5133585
831878
1369651
283930
1413395
70604
285873
4922375
908494
54504
89266
16426
350890
47886
51428
253257
82586
47773
58186
367273
2398375
83109
23072
10237950
264697
201722
57036
4216641
18154
126769
4142130
23704
4249
116614
2894974
55943
809009
12349
66634
554397
139459
4999394
24054
3739901
992151
12711
201958
381345
217324
500104
12719
37055
1327
119636
2530848
125407
2676
870604
362648
321946
52551
15906
486688
82047
97337
110353
28875
15880
13913
38686
140740
301152
1103872
177018
352552
190807
357693
75889
78374
476260
102482
98713
443366
165737
166749
5620
292042
926713
1348195
991778
438992
148870
1059372
315052
341970
1643676
27423
60020
65696
1115554
22506
3001761
2158288
55847
6276
106159
571407
787480
436376
65070
479863
419075
3320
53788
951890
605744
129404
12752
86473
4081336
115018
37213
819272
45108
11649
7122
483567
16883
41747
2575224
72478
104767
353790
89761
180247
304849
3827
266143
45935
115145
112877
470838
719263
404357
596781
246895
706456
1359668
9990
1256041
28804
31158
120545
230513
260990
511529
68015
1338292
1003142
605153
249933
305644
189950
265143
372
1237040
27615
2300597
1803853
2124293
628943
4685
72673
693272
1076463
158668
812149
32632
131926
1171180
32090
722762
276783
135078
5056
2988
75525
191596
138578
1685
1702
25300
590790
190597
44065
80701
29407
241536
1237
1620671
28882
4385895
4190402
3764965
1076640
1927832
7294900
1475228
39992
829571
279516
3309790
209629
2974
9345
192444
263693
118860
114421
254449
673730
2079303
358221
1373170
643383
603977
19410
1060
232593
7607923
136208
5922
356
492901
4514796
210818
203907
38360
80369
21234
26507
1528401
23283
14343
270591
18061
337
302677
7396506
319403
893
7532
5542
817643
53013
5380
22656
625332
235825
402253
11830
87698
450128
71200
338665
412808
67
10585
3333
33732
1932150
88558
106205
93448
57428
1179377
34509
10759
414076
61700
6330
91671
18419
76217
162167
283676
7595
67520
18936
90848
247533
135589
276101
47642
86638
1117
300311
88656
452307
485337
100930
262683
520957
659653
234
11296
12716
33708
